"ppnr" "TimePerception" "Valence" "Arousal" "Condition"
"1" 1 -0.5 5 1 1
"2" 1 -0.466666667 5 1 1
"3" 1 -0.733333333 5 1 1
"4" 1 -0.6 6 2 1
"5" 1 -0.633333333 6 4 1
"6" 1 -0.571428571 6 3 1
"7" 1 -0.545454545 4 2 1
"8" 1 -0.611111111 5 1 1
"9" 1 -0.275 5 1 1
"10" 1 -0.7 4 2 1
"11" 1 0.1 4 1 0
"12" 1 -0.55 5 1 0
"13" 1 -0.428571429 7 4 0
"14" 1 -0.727272727 6 2 0
"15" 1 -0.575 7 5 0
"16" 1 -0.4 5 2 0
"17" 1 -0.277777778 6 4 0
"18" 1 -0.493333333 4 3 0
"19" 1 -0.555555556 4 5 0
"20" 1 -0.633333333 2 5 0
"21" 2 -0.4 5 1 1
"22" 2 0 5 1 1
"23" 2 -0.285714286 6 2 1
"24" 2 0.363636364 7 6 1
"25" 2 0.25 7 5 1
"26" 2 -0.4 6 4 1
"27" 2 0.666666667 4 4 1
"28" 2 0.2 3 5 1
"29" 2 0.444444444 3 5 1
"30" 2 0.166666667 2 6 1
"31" 2 -0.3 5 1 0
"32" 2 0.466666667 6 2 0
"33" 2 -0.166666667 6 4 0
"34" 2 0.5 6 5 0
"35" 2 0.055555556 7 7 0
"36" 2 -0.285714286 7 7 0
"37" 2 0.363636364 3 6 0
"38" 2 -0.166666667 6 2 0
"39" 2 0.625 4 7 0
"40" 2 -0.6 5 2 0
"41" 3 -0.5 5 1 1
"42" 3 0.125 5 1 1
"43" 3 -0.285714286 6 3 1
"44" 3 -0.181818182 6 4 1
"45" 3 -0.625 7 5 1
"46" 3 -0.5 7 6 1
"47" 3 -0.444444444 6 5 1
"48" 3 -0.466666667 3 5 1
"49" 3 -0.333333333 2 7 1
"50" 3 -0.666666667 1 8 1
"51" 3 -0.5 6 1 0
"52" 3 -0.6 5 2 0
"53" 3 -0.333333333 6 1 0
"54" 3 -0.25 7 5 0
"55" 3 0 4 6 0
"56" 3 -0.428571429 6 6 0
"57" 3 -0.181818182 6 5 0
"58" 3 -0.666666667 3 3 0
"59" 3 -0.625 3 7 0
"60" 3 -0.7 3 4 0
"61" 4 0 2 1 1
"62" 4 0.6 3 3 1
"63" 4 0 6 7 1
"64" 4 0.5 7 5 1
"65" 4 -0.333333333 9 7 1
"66" 4 -0.285714286 5 6 1
"67" 4 0.363636364 7 6 1
"68" 4 -0.444444444 5 3 1
"69" 4 0.5 7 7 1
"70" 4 -0.25 8 7 1
"71" 4 2 5 2 0
"72" 4 0.5 5 2 0
"73" 4 -0.285714286 8 7 0
"74" 4 0.363636364 7 7 0
"75" 4 0.5 6 6 0
"76" 4 0 6 4 0
"77" 4 2.333333333 6 7 0
"78" 4 0.2 4 8 0
"79" 4 0.333333333 7 8 0
"80" 4 0 1 9 0
"81" 5 0.75 5 1 1
"82" 5 0.875 5 1 1
"83" 5 1.142857143 5 1 1
"84" 5 0.636363636 5 1 1
"85" 5 0.5 7 5 1
"86" 5 0 6 3 1
"87" 5 2.333333333 4 4 1
"88" 5 0.6 4 2 1
"89" 5 0.333333333 3 4 1
"90" 5 0 3 4 1
"91" 5 0 5 1 0
"92" 5 -0.733333333 5 1 0
"93" 5 0.166666667 6 1 0
"94" 5 -0.625 5 1 0
"95" 5 -0.5 6 4 0
"96" 5 -0.714285714 6 5 0
"97" 5 0.090909091 5 1 0
"98" 5 -0.444444444 5 1 0
"99" 5 -0.25 5 2 0
"100" 5 -0.5 5 2 0
"101" 6 -0.45 5 1 1
"102" 6 -0.4375 5 3 1
"103" 6 -0.714285714 6 3 1
"104" 6 -0.545454545 6 4 1
"105" 6 -0.55 7 6 1
"106" 6 -0.7 5 2 1
"107" 6 -0.555555556 5 3 1
"108" 6 -0.533333333 5 2 1
"109" 6 -0.5 6 6 1
"110" 6 -0.666666667 4 3 1
"111" 6 -0.6 5 1 0
"112" 6 -0.6 5 1 0
"113" 6 -0.333333333 6 2 0
"114" 6 -0.5625 6 2 0
"115" 6 -0.611111111 6 6 0
"116" 6 -0.714285714 4 3 0
"117" 6 -0.181818182 4 4 0
"118" 6 -0.722222222 5 2 0
"119" 6 -0.5 5 3 0
"120" 6 -0.75 5 2 0
"121" 7 0.5 4 2 1
"122" 7 0.6 5 3 1
"123" 7 2 6 5 1
"124" 7 0.125 6 6 1
"125" 7 -0.333333333 5 6 1
"126" 7 -0.571428571 6 7 1
"127" 7 0.636363636 5 4 1
"128" 7 -0.444444444 5 3 1
"129" 7 0.125 5 6 1
"130" 7 0 4 4 1
"131" 7 -0.75 2 1 0
"132" 7 0.875 2 3 0
"133" 7 -0.285714286 8 6 0
"134" 7 1.454545455 6 6 0
"135" 7 -0.25 6 7 0
"136" 7 -0.7 7 6 0
"137" 7 -0.444444444 4 4 0
"138" 7 1.4 4 6 0
"139" 7 1 3 7 0
"140" 7 0.5 5 7 0
"141" 8 -0.5 1 1 1
"142" 8 -0.75 4 4 1
"143" 8 -0.714285714 6 7 1
"144" 8 -0.181818182 5 6 1
"145" 8 -0.7 7 5 1
"146" 8 -0.8 4 5 1
"147" 8 -0.555555556 6 7 1
"148" 8 -0.4 8 8 1
"149" 8 -0.333333333 6 6 1
"150" 8 -0.333333333 6 7 1
"151" 8 -0.8 3 3 0
"152" 8 -0.6 6 6 0
"153" 8 -0.5 7 7 0
"154" 8 -0.125 8 8 0
"155" 8 -0.722222222 7 7 0
"156" 8 -0.714285714 5 5 0
"157" 8 -0.090909091 7 8 0
"158" 8 -0.722222222 6 7 0
"159" 8 -0.5 6 7 0
"160" 8 -0.75 5 7 0
"161" 9 -0.5 2 2 1
"162" 9 0.125 5 3 1
"163" 9 -0.285714286 5 1 1
"164" 9 -0.181818182 7 1 1
"165" 9 0.5 6 6 1
"166" 9 -0.5 5 4 1
"167" 9 0.111111111 3 4 1
"168" 9 -0.2 7 6 1
"169" 9 0 3 3 1
"170" 9 0 2 4 1
"171" 9 0 5 1 0
"172" 9 -0.2 5 1 0
"173" 9 0 8 3 0
"174" 9 0.125 8 7 0
"175" 9 -0.333333333 5 4 0
"176" 9 -0.285714286 3 4 0
"177" 9 -0.181818182 3 3 0
"178" 9 -0.166666667 6 4 0
"179" 9 -0.25 4 6 0
"180" 9 -0.5 2 3 0
"181" 10 -0.1 5 1 1
"182" 10 -0.6 4 1 1
"183" 10 -0.733333333 5 1 1
"184" 10 -0.375 7 3 1
"185" 10 -0.555555556 6 4 1
"186" 10 -0.428571429 6 3 1
"187" 10 -0.454545455 2 4 1
"188" 10 -0.722222222 4 2 1
"189" 10 -0.625 7 2 1
"190" 10 -0.75 5 1 1
"191" 10 -0.5 6 1 0
"192" 10 -0.25 5 1 0
"193" 10 -0.571428571 5 1 0
"194" 10 0.090909091 7 2 0
"195" 10 -0.375 6 3 0
"196" 10 -0.6 5 2 0
"197" 10 -0.444444444 5 2 0
"198" 10 -0.2 5 2 0
"199" 10 0.333333333 7 4 0
"200" 10 0 6 3 0
"201" 11 0.5 5 1 1
"202" 11 0.125 5 1 1
"203" 11 -0.285714286 6 7 1
"204" 11 0.363636364 7 6 1
"205" 11 0.125 7 8 1
"206" 11 -0.4 4 3 1
"207" 11 0.666666667 4 7 1
"208" 11 0.6 3 6 1
"209" 11 -0.166666667 1 7 1
"210" 11 0 1 8 1
"211" 11 -0.5 3 1 0
"212" 11 -0.2 3 1 0
"213" 11 -0.333333333 6 5 0
"214" 11 0.125 7 7 0
"215" 11 -0.166666667 6 7 0
"216" 11 -0.571428571 6 7 0
"217" 11 -0.181818182 2 6 0
"218" 11 -0.722222222 3 4 0
"219" 11 -0.625 2 7 0
"220" 11 -0.25 2 7 0
"221" 12 -0.25 5 1 1
"222" 12 0.5 5 5 1
"223" 12 -0.285714286 8 6 1
"224" 12 -0.181818182 1 7 1
"225" 12 -0.25 6 6 1
"226" 12 0 9 7 1
"227" 12 -0.444444444 3 4 1
"228" 12 -0.2 3 7 1
"229" 12 0.666666667 2 8 1
"230" 12 0 1 9 1
"231" 12 -0.2 5 5 0
"232" 12 -0.2 6 2 0
"233" 12 0 9 7 0
"234" 12 0.5 8 5 0
"235" 12 -0.333333333 8 6 0
"236" 12 -0.285714286 6 7 0
"237" 12 0.363636364 2 8 0
"238" 12 -0.444444444 5 4 0
"239" 12 -0.25 3 8 0
"240" 12 -0.25 4 6 0
"241" 13 -0.5 5 1 1
"242" 13 -0.2 5 1 1
"243" 13 -0.333333333 7 7 1
"244" 13 0.375 6 6 1
"245" 13 -0.333333333 7 7 1
"246" 13 -0.571428571 5 7 1
"247" 13 0 5 4 1
"248" 13 -0.611111111 5 6 1
"249" 13 0.5 4 5 1
"250" 13 -0.75 4 1 1
"251" 13 2.75 5 1 0
"252" 13 0.5 5 1 0
"253" 13 0 7 7 0
"254" 13 0 8 6 0
"255" 13 -0.25 7 5 0
"256" 13 -0.5 5 2 0
"257" 13 0.666666667 4 7 0
"258" 13 0.466666667 5 7 0
"259" 13 0.333333333 1 8 0
"260" 13 0.666666667 2 7 0
"261" 14 0.5 2 1 1
"262" 14 0.2 3 2 1
"263" 14 0.233333333 6 5 1
"264" 14 -0.125 9 9 1
"265" 14 0.666666667 1 4 1
"266" 14 -0.857142857 4 2 1
"267" 14 0.363636364 6 7 1
"268" 14 0.277777778 7 6 1
"269" 14 0.25 7 8 1
"270" 14 0.1 8 7 1
"271" 14 0 3 2 0
"272" 14 0.125 5 2 0
"273" 14 -0.142857143 8 8 0
"274" 14 -0.181818182 9 9 0
"275" 14 0.075 4 5 0
"276" 14 0.2 4 3 0
"277" 14 -0.111111111 1 8 0
"278" 14 0.04 6 7 0
"279" 14 0.211111111 1 9 0
"280" 14 0.133333333 1 1 0
"281" 15 0 5 2 1
"282" 15 -0.066666667 6 8 1
"283" 15 0.666666667 9 7 1
"284" 15 -0.25 7 7 1
"285" 15 -0.333333333 7 8 1
"286" 15 -0.285714286 7 7 1
"287" 15 0.272727273 6 8 1
"288" 15 -0.166666667 5 6 1
"289" 15 0.125 4 7 1
"290" 15 -0.25 7 7 1
"291" 15 -0.25 5 4 0
"292" 15 0.125 5 7 0
"293" 15 -0.142857143 8 7 0
"294" 15 0.090909091 8 8 0
"295" 15 0 7 7 0
"296" 15 -0.2 7 6 0
"297" 15 -0.166666667 6 8 0
"298" 15 0.2 4 8 0
"299" 15 0.333333333 5 8 0
"300" 15 0 4 8 0
"301" 16 -0.75 5 1 1
"302" 16 -0.625 5 2 1
"303" 16 -0.571428571 6 4 1
"304" 16 -0.609090909 5 1 1
"305" 16 -0.575 7 8 1
"306" 16 -0.7 6 6 1
"307" 16 -0.666666667 5 6 1
"308" 16 -0.706666667 5 2 1
"309" 16 -0.711111111 1 9 1
"310" 16 -0.666666667 1 8 1
"311" 16 -0.6 5 1 0
"312" 16 -0.666666667 4 1 0
"313" 16 -0.4 5 1 0
"314" 16 -0.6875 6 4 0
"315" 16 -0.666666667 7 7 0
"316" 16 -0.571428571 5 6 0
"317" 16 -0.636363636 4 5 0
"318" 16 -0.722222222 5 2 0
"319" 16 -0.7 5 6 0
"320" 16 -0.75 5 1 0
"321" 17 1 5 2 1
"322" 17 0.6 5 2 1
"323" 17 1 7 4 1
"324" 17 0.125 7 7 1
"325" 17 0.333333333 6 6 1
"326" 17 -0.285714286 5 3 1
"327" 17 0.636363636 5 7 1
"328" 17 0.666666667 6 6 1
"329" 17 0.5 2 4 1
"330" 17 0 4 5 1
"331" 17 0.5 5 2 0
"332" 17 0.5 6 4 0
"333" 17 -0.285714286 7 4 0
"334" 17 -0.181818182 7 7 0
"335" 17 0 7 6 0
"336" 17 0 6 3 0
"337" 17 0.111111111 6 5 0
"338" 17 0.2 4 7 0
"339" 17 0.666666667 1 6 0
"340" 17 -0.333333333 2 6 0
"341" 18 -0.2 5 1 1
"342" 18 -0.2 5 3 1
"343" 18 0.333333333 8 6 1
"344" 18 0.5 9 9 1
"345" 18 0.333333333 6 6 1
"346" 18 0.428571429 6 7 1
"347" 18 0.090909091 4 6 1
"348" 18 -0.166666667 7 7 1
"349" 18 -0.25 5 6 1
"350" 18 0 5 3 1
"351" 18 0.5 5 4 0
"352" 18 0.5 5 6 0
"353" 18 -0.285714286 9 9 0
"354" 18 0.090909091 8 8 0
"355" 18 0.5 7 7 0
"356" 18 0 5 1 0
"357" 18 -0.166666667 1 8 0
"358" 18 0.2 1 8 0
"359" 18 0.333333333 1 8 0
"360" 18 -0.333333333 1 8 0
"361" 19 -0.65 6 6 1
"362" 19 0.625 6 6 1
"363" 19 -0.571428571 8 7 1
"364" 19 0.181818182 7 8 1
"365" 19 -0.5 7 8 1
"366" 19 -0.6 6 7 1
"367" 19 -0.444444444 7 7 1
"368" 19 -0.466666667 7 7 1
"369" 19 0.222222222 6 8 1
"370" 19 -0.5 7 8 1
"371" 19 -0.2 7 7 0
"372" 19 0.2 7 6 0
"373" 19 0.333333333 7 4 0
"374" 19 0.25 8 8 0
"375" 19 -0.111111111 7 8 0
"376" 19 -0.571428571 7 7 0
"377" 19 0.181818182 6 5 0
"378" 19 -0.611111111 7 8 0
"379" 19 -0.25 6 5 0
"380" 19 -0.5 7 7 0
"381" 20 0 2 2 1
"382" 20 0.6 2 1 1
"383" 20 -0.666666667 4 2 1
"384" 20 -0.25 5 3 1
"385" 20 -0.5 5 6 1
"386" 20 -0.285714286 6 6 1
"387" 20 -0.590909091 6 5 1
"388" 20 0.111111111 3 4 1
"389" 20 -0.25 7 6 1
"390" 20 -0.5 6 5 1
"391" 20 -0.5 2 1 0
"392" 20 0.25 3 1 0
"393" 20 0.428571429 8 5 0
"394" 20 0.090909091 7 6 0
"395" 20 -0.25 8 8 0
"396" 20 -0.5 5 5 0
"397" 20 0.111111111 3 7 0
"398" 20 -0.6 1 3 0
"399" 20 -0.333333333 1 5 0
"400" 20 -0.333333333 1 5 0
"401" 21 -0.5 5 2 1
"402" 21 -0.6 5 2 1
"403" 21 0 7 3 1
"404" 21 -0.5 7 6 1
"405" 21 -0.555555556 7 7 1
"406" 21 -0.285714286 7 6 1
"407" 21 -0.272727273 3 4 1
"408" 21 -0.444444444 4 2 1
"409" 21 -0.5 2 8 1
"410" 21 -0.5 3 6 1
"411" 21 -0.5 5 2 0
"412" 21 -0.625 5 2 0
"413" 21 -0.571428571 6 3 0
"414" 21 -0.636363636 6 4 0
"415" 21 -0.625 7 7 0
"416" 21 -0.5 7 6 0
"417" 21 -0.444444444 4 3 0
"418" 21 -0.6 3 4 0
"419" 21 -0.555555556 3 6 0
"420" 21 -0.666666667 3 7 0
"421" 22 -0.1 5 1 1
"422" 22 -0.25 5 2 1
"423" 22 -0.142857143 6 2 1
"424" 22 -0.363636364 5 4 1
"425" 22 0.1 5 4 1
"426" 22 -0.2 5 3 1
"427" 22 -0.111111111 3 3 1
"428" 22 -0.2 4 4 1
"429" 22 -0.111111111 5 5 1
"430" 22 -0.166666667 3 5 1
"431" 22 -0.3 5 1 0
"432" 22 -0.2 6 2 0
"433" 22 0 7 5 0
"434" 22 -0.25 6 3 0
"435" 22 -0.333333333 6 5 0
"436" 22 0 5 3 0
"437" 22 -0.181818182 4 2 0
"438" 22 -0.166666667 4 3 0
"439" 22 -0.25 5 5 0
"440" 22 -0.3 4 4 0
"441" 23 -0.25 4 4 1
"442" 23 0.875 5 5 1
"443" 23 0.428571429 9 8 1
"444" 23 0.363636364 8 6 1
"445" 23 0.125 8 7 1
"446" 23 -0.5 5 6 1
"447" 23 0.111111111 3 5 1
"448" 23 0.6 6 7 1
"449" 23 1 1 6 1
"450" 23 -0.333333333 1 7 1
"451" 23 0 5 2 0
"452" 23 1 4 2 0
"453" 23 1 9 5 0
"454" 23 0.5 8 7 0
"455" 23 0 5 5 0
"456" 23 -0.285714286 6 5 0
"457" 23 0.909090909 4 4 0
"458" 23 0.111111111 7 5 0
"459" 23 -0.25 3 5 0
"460" 23 -0.5 1 8 0
"461" 24 -0.5 3 1 1
"462" 24 2.2 7 7 1
"463" 24 0 4 1 1
"464" 24 1.625 8 7 1
"465" 24 0.666666667 6 6 1
"466" 24 -0.285714286 6 6 1
"467" 24 -0.181818182 6 6 1
"468" 24 0.111111111 6 6 1
"469" 24 0.5 7 7 1
"470" 24 -0.5 6 5 1
"471" 24 0 7 6 0
"472" 24 -0.25 7 7 0
"473" 24 -0.571428571 4 4 0
"474" 24 0.636363636 8 6 0
"475" 24 -0.25 8 6 0
"476" 24 -0.3 5 5 0
"477" 24 -0.333333333 7 6 0
"478" 24 0.4 7 6 0
"479" 24 0.666666667 9 8 0
"480" 24 1 7 7 0
"481" 25 -0.25 5 5 1
"482" 25 -0.5 5 5 1
"483" 25 -0.571428571 7 5 1
"484" 25 -0.318181818 8 7 1
"485" 25 -0.25 8 7 1
"486" 25 -0.4 6 6 1
"487" 25 0.111111111 4 6 1
"488" 25 -0.333333333 4 6 1
"489" 25 0 7 7 1
"490" 25 -0.066666667 2 8 1
"491" 25 -0.1 5 4 0
"492" 25 0.266666667 5 6 0
"493" 25 3 8 4 0
"494" 25 -0.125 7 7 0
"495" 25 0.222222222 8 8 0
"496" 25 -0.428571429 4 6 0
"497" 25 0.454545455 5 5 0
"498" 25 -0.611111111 5 5 0
"499" 25 0.125 2 8 0
"500" 25 -0.4 3 7 0
"501" 26 -0.25 6 1 1
"502" 26 0.125 5 1 1
"503" 26 0.142857143 6 3 1
"504" 26 -0.045454545 6 2 1
"505" 26 -0.375 6 5 1
"506" 26 -0.4 5 2 1
"507" 26 0.111111111 5 1 1
"508" 26 -0.4 6 2 1
"509" 26 -0.333333333 4 4 1
"510" 26 -0.333333333 3 3 1
"511" 26 0 5 1 0
"512" 26 -0.4 3 1 0
"513" 26 -0.333333333 6 2 0
"514" 26 0.5 7 3 0
"515" 26 -0.666666667 6 2 0
"516" 26 0.142857143 5 2 0
"517" 26 -0.454545455 6 2 0
"518" 26 -0.166666667 6 2 0
"519" 26 -0.25 7 3 0
"520" 26 -0.5 4 2 0
"521" 27 -0.3 6 3 1
"522" 27 -0.2 5 2 1
"523" 27 0 6 4 1
"524" 27 0.125 8 6 1
"525" 27 -0.333333333 8 7 1
"526" 27 -0.571428571 8 7 1
"527" 27 0.090909091 2 7 1
"528" 27 -0.166666667 4 4 1
"529" 27 -0.625 3 6 1
"530" 27 -0.75 3 7 1
"531" 27 -0.5 5 2 0
"532" 27 -0.4375 5 3 0
"533" 27 -0.285714286 9 7 0
"534" 27 -0.636363636 6 5 0
"535" 27 -0.5 7 8 0
"536" 27 -0.5 7 6 0
"537" 27 -0.166666667 3 7 0
"538" 27 -0.2 2 7 0
"539" 27 -0.555555556 1 8 0
"540" 27 -0.666666667 1 7 0
"541" 28 0 6 2 1
"542" 28 -0.5 6 3 1
"543" 28 -0.428571429 6 2 1
"544" 28 -0.272727273 7 4 1
"545" 28 -0.525 7 3 1
"546" 28 -0.4 7 4 1
"547" 28 -0.388888889 5 3 1
"548" 28 -0.413333333 3 4 1
"549" 28 -0.333333333 3 4 1
"550" 28 -0.5 3 3 1
"551" 28 -0.3 5 2 0
"552" 28 -0.2 5 3 0
"553" 28 -0.333333333 7 4 0
"554" 28 -0.375 6 4 0
"555" 28 -0.555555556 6 3 0
"556" 28 -0.285714286 5 2 0
"557" 28 -0.545454545 4 4 0
"558" 28 -0.166666667 4 3 0
"559" 28 -0.55 4 3 0
"560" 28 -0.6 4 2 0
"561" 29 -0.6 5 1 1
"562" 29 1 5 5 1
"563" 29 -0.733333333 5 5 1
"564" 29 -0.5 6 5 1
"565" 29 0 5 6 1
"566" 29 -0.571428571 6 6 1
"567" 29 0.090909091 2 6 1
"568" 29 -0.444444444 5 5 1
"569" 29 -0.5 4 5 1
"570" 29 -0.7 3 6 1
"571" 29 -0.6 3 2 0
"572" 29 -0.25 4 2 0
"573" 29 -0.428571429 6 4 0
"574" 29 0.090909091 7 5 0
"575" 29 -0.75 6 6 0
"576" 29 -0.5 5 5 0
"577" 29 -0.722222222 2 6 0
"578" 29 0.6 2 5 0
"579" 29 0.666666667 1 9 0
"580" 29 0 1 9 0
